Position X	Position Y	Position Z
-607.0830	-2092.3821	3765.5869
-606.3700	-2090.7900	3765.5979
-568.8100	-2109.4390	3765.6021
-568.8040	-2108.0339	3765.7109
-569.0900	-2107.0459	3765.6880
-570.2600	-2105.5791	3765.6250
-570.5210	-2105.1289	3765.6741
-571.5620	-2103.8540	3765.6431
-572.3570	-2102.3640	3765.6479
-575.5190	-2097.7029	3765.6440
-577.0480	-2095.5471	3765.5171
-578.0720	-2094.3530	3765.6479
-578.7470	-2092.1931	3765.6589
-580.8850	-2090.3469	3765.5420
-581.3290	-2088.7390	3765.5310
-581.1120	-2088.0120	3765.5950
-581.1730	-2087.4270	3765.6709
-582.1570	-2086.4790	3765.4829
-620.9380	-2073.0620	3765.3611
-625.3400	-2070.8210	3765.2891
-622.7180	-2070.5811	3765.2871
-618.4390	-2070.5649	3765.3679
-624.2190	-2070.0549	3765.3411
-617.3970	-2069.9180	3765.4160
-621.1600	-2069.6560	3765.3359
-616.4130	-2069.5100	3765.3120
-624.7920	-2069.4250	3765.3550
-622.5500	-2068.3760	3765.3530
-622.7360	-2068.1841	3765.3330
-625.4730	-2068.0459	3765.3611
-622.1160	-2067.6011	3765.3201
-624.9930	-2067.3579	3765.3750
-622.3410	-2067.1460	3765.3191
-623.6520	-2066.6631	3765.3469
-623.0270	-2066.6819	3765.3040
-621.4410	-2066.3000	3765.3030
-618.4330	-2065.8440	3765.3149
-623.3810	-2065.4861	3765.2991
-622.3730	-2065.2830	3765.3379
-619.5170	-2064.9441	3765.3689
-623.3430	-2064.8740	3765.3010
-627.7230	-2064.4890	3765.4231
-624.3610	-2064.4480	3765.3049
-622.7030	-2064.3521	3765.2891
-623.1880	-2064.1221	3765.3101
-626.2870	-2063.9829	3765.2820
-624.1430	-2063.7109	3765.3730
-621.1340	-2063.6670	3765.3340
-630.5930	-2062.6489	3765.3140
-620.6050	-2062.0801	3765.2939
-624.7480	-2062.0220	3765.3401
-619.0500	-2061.8750	3765.2849
-616.5380	-2061.8779	3765.3730
-623.5260	-2061.0969	3765.3000
-627.9850	-2061.0569	3765.3550
-620.5280	-2060.7080	3765.3130
-621.0930	-2060.2280	3765.3450
-622.6980	-2060.1521	3765.2510
-617.3970	-2060.1079	3765.2290
-629.8840	-2059.9089	3765.2439
-628.3880	-2059.9060	3765.3311
-623.2680	-2059.6870	3765.3159
-629.3020	-2059.5779	3765.3081
-627.5510	-2059.1890	3765.2771
-625.3200	-2058.9189	3765.2849
-629.2800	-2058.8030	3765.2900
-615.9860	-2058.7681	3765.2539
-620.5420	-2058.3689	3765.3779
-631.4050	-2058.0950	3765.2930
-618.2720	-2064.5330	3765.5271
-617.2090	-2062.3921	3765.6531
-619.6820	-2060.5210	3765.4900
-606.4500	-2079.6521	3765.3479
-606.5730	-2078.6521	3765.3789
-606.8060	-2076.9319	3765.3550
-592.4940	-2075.5271	3765.3669
-595.0920	-2074.8450	3765.3560
-602.2340	-2074.5850	3765.3870
-604.7570	-2074.0420	3765.3979
-591.0700	-2073.0000	3765.4619
-605.6810	-2072.1721	3765.3550
-607.0420	-2071.9299	3765.4609
-591.0450	-2070.6311	3765.4050
-597.7930	-2070.3850	3765.3091
-608.2200	-2070.1479	3765.3989
-599.5660	-2069.8059	3765.2959
-613.3260	-2069.4480	3765.3760
-590.5300	-2069.2600	3765.4690
-596.6120	-2068.7261	3765.3149
-601.7910	-2067.5701	3765.3230
-603.3170	-2067.4160	3765.3210
-594.8230	-2067.3359	3765.2690
-601.9080	-2067.0210	3765.3201
-600.8120	-2066.8269	3765.3369
-599.2430	-2066.3379	3765.3840
-607.3070	-2066.0950	3765.2981
-601.8100	-2065.6130	3765.3230
-597.2810	-2065.5071	3765.2981
-600.7720	-2065.4250	3765.3530
-603.7850	-2065.0381	3765.2739
-607.4700	-2065.0081	3765.2830
-589.8930	-2064.9900	3765.4470
-610.3920	-2064.8440	3765.4089
-599.7380	-2064.7900	3765.3960
-609.3810	-2064.6589	3765.3110
-598.6610	-2064.6609	3765.3611
-593.7030	-2064.3501	3765.4399
-613.6340	-2064.1340	3765.3689
-601.1080	-2064.1399	3765.3350
-594.5000	-2064.0190	3765.2959
-598.7080	-2063.9021	3765.3811
-613.9780	-2063.8430	3765.3630
-607.6020	-2063.6890	3765.3059
-592.1040	-2063.6570	3765.2410
-606.9180	-2063.5291	3765.2881
-600.4110	-2063.2361	3765.3440
-591.3150	-2063.2681	3765.3799
-600.8980	-2063.1411	3765.3501
-594.3980	-2063.2109	3765.3291
-603.5820	-2062.8540	3765.3020
-606.8390	-2062.4939	3765.2830
-601.2530	-2062.4990	3765.3459
-589.1770	-2062.4199	3765.4409
-600.6430	-2062.1960	3765.3440
-601.7440	-2062.0081	3765.4050
-604.0670	-2061.8701	3765.3049
-611.0150	-2061.7510	3765.3701
-604.5140	-2061.7410	3765.2959
-597.2990	-2061.7280	3765.2759
-602.5090	-2061.4951	3765.3120
-606.1190	-2061.3201	3765.3091
-589.3920	-2061.1399	3765.3450
-598.2670	-2060.9231	3765.3789
-592.2630	-2060.8020	3765.3650
-604.7830	-2060.7141	3765.2900
-596.7760	-2060.5869	3765.2920
-608.5420	-2060.5010	3765.2561
-602.9140	-2060.4800	3765.3020
-610.3740	-2059.8340	3765.2041
-607.5460	-2059.8469	3765.2620
-602.5930	-2059.8159	3765.3040
-601.7910	-2059.8369	3765.4409
-594.2560	-2059.8640	3765.2749
-611.2110	-2059.7510	3765.4299
-608.0550	-2059.6370	3765.3159
-600.8940	-2059.6179	3765.3411
-603.2270	-2059.4709	3765.3689
-600.8430	-2059.1201	3765.3159
-603.4910	-2058.8679	3765.2959
-608.2970	-2058.7991	3765.3040
-602.1500	-2058.8091	3765.2971
-607.7250	-2058.4060	3765.2590
-593.7410	-2058.4089	3765.3359
-608.7720	-2058.3740	3765.2590
-595.8540	-2058.2749	3765.2881
-594.7120	-2057.9250	3765.3181
-594.3220	-2074.6279	3765.5491
-588.6910	-2074.4780	3765.7439
-599.4850	-2074.1150	3765.7209
-601.4360	-2073.8711	3765.7280
-602.9800	-2073.4189	3765.5769
-591.8380	-2072.2981	3765.6899
-601.3990	-2071.5200	3765.6260
-602.4800	-2071.3921	3765.5310
-598.9080	-2071.4490	3765.6060
-595.0970	-2071.2871	3765.6389
-603.4580	-2071.0420	3765.4729
-603.9750	-2070.9990	3765.5400
-607.5590	-2070.8989	3765.6760
-596.9500	-2070.7820	3765.5801
-591.7170	-2070.5339	3765.6709
-596.1800	-2070.0879	3765.6201
-606.9230	-2069.9231	3765.6440
-592.8540	-2069.5381	3765.6411
-595.4880	-2069.3101	3765.6211
-608.7140	-2068.7981	3765.5229
-588.4150	-2068.4451	3765.6860
-594.8890	-2068.1660	3765.5669
-592.6830	-2068.1321	3765.5891
-592.3040	-2067.4141	3765.7151
-590.2880	-2067.3640	3765.6609
-592.9820	-2067.1130	3765.5630
-593.5620	-2066.7600	3765.7241
-613.3880	-2066.7119	3765.7629
-592.7000	-2066.5950	3765.5620
-609.1730	-2066.3369	3765.5281
-589.1560	-2066.1641	3765.5991
-593.7160	-2066.0259	3765.4761
-609.6130	-2065.7959	3765.6101
-593.1490	-2065.7080	3765.6780
-588.9290	-2065.2310	3765.6851
-593.4610	-2064.8921	3765.7471
-593.0470	-2064.8391	3765.6011
-592.2060	-2064.8770	3765.5911
-591.0860	-2064.7620	3765.6289
-592.3340	-2064.3201	3765.6580
-593.3230	-2063.2329	3765.6860
-589.4570	-2062.8560	3765.4971
-592.2260	-2062.7190	3765.6340
-590.2960	-2062.7090	3765.5779
-615.1400	-2062.5830	3765.5190
-588.6450	-2062.0959	3765.5869
-613.9560	-2060.9570	3765.5669
-593.1980	-2060.8721	3765.6951
-590.7320	-2059.7000	3765.4880
-592.9750	-2059.5979	3765.6990
-613.4220	-2059.3501	3765.5581
-611.8930	-2058.1621	3765.5549
-592.9340	-2057.8889	3765.5891
-591.5910	-2057.9331	3765.6489
-584.8000	-2081.0210	3765.4651
-583.0990	-2076.3831	3765.4250
-582.4730	-2076.1580	3765.3491
-583.9060	-2073.5330	3765.4680
-582.7940	-2073.3730	3765.3391
-582.2830	-2072.7300	3765.4150
-584.6510	-2071.5061	3765.3811
-581.9640	-2071.2141	3765.4080
-581.0510	-2070.2681	3765.3030
-582.8080	-2070.0801	3765.3269
-583.1630	-2069.4470	3765.3479
-580.8900	-2069.4590	3765.3059
-580.2210	-2068.4399	3765.3020
-580.4900	-2067.7959	3765.3491
-586.1920	-2067.0291	3765.4260
-580.6600	-2066.9910	3765.3059
-581.0080	-2065.3530	3765.3030
-585.1810	-2065.1431	3765.3220
-579.7270	-2064.1970	3765.3220
-578.7020	-2064.0950	3765.3140
-574.6140	-2064.1169	3765.3169
-577.6830	-2063.9839	3765.3130
-577.2810	-2063.6809	3765.3159
-582.8960	-2063.5830	3765.3091
-576.6870	-2063.5110	3765.3689
-576.1640	-2063.4910	3765.3860
-581.6700	-2063.3650	3765.2820
-574.6070	-2063.3530	3765.3530
-579.7100	-2063.3201	3765.3291
-579.6710	-2061.9700	3765.3379
-580.8050	-2061.7930	3765.3030
-586.5640	-2061.6431	3765.2791
-584.9820	-2061.7061	3765.4460
-577.8290	-2061.6831	3765.3420
-578.7980	-2061.4839	3765.3369
-582.3260	-2061.2849	3765.2971
-572.6710	-2060.9380	3765.3040
-580.4970	-2060.8279	3765.3191
-571.5450	-2060.7029	3765.3091
-582.8510	-2060.6370	3765.3530
-575.8610	-2060.5339	3765.3511
-579.7550	-2060.2839	3765.3059
-573.2570	-2060.1631	3765.3220
-581.5980	-2059.9319	3765.3220
-585.7520	-2059.8379	3765.3440
-582.7300	-2059.6050	3765.3010
-579.3210	-2059.6201	3765.2729
-576.4420	-2059.5439	3765.3411
-580.7770	-2059.3459	3765.3030
-578.8810	-2058.5210	3765.2549
-584.9960	-2058.3569	3765.3291
-582.3880	-2058.3579	3765.2771
-583.8990	-2057.9961	3765.3250
-581.4010	-2057.9619	3765.2881
-583.1030	-2084.4360	3765.5911
-583.6750	-2083.2480	3765.4951
-584.5310	-2082.6499	3765.5701
-583.1710	-2082.2090	3765.7439
-584.4050	-2081.4790	3765.6370
-583.4980	-2078.1121	3765.5840
-583.7840	-2077.0129	3765.5549
-586.6430	-2076.7729	3765.6819
-583.5590	-2075.8750	3765.4829
-584.2670	-2074.9070	3765.4980
-587.4530	-2074.3611	3765.6399
-586.3220	-2074.1030	3765.6311
-585.2880	-2071.9280	3765.5120
-585.5550	-2071.8269	3765.6541
-587.3430	-2070.9031	3765.6680
-586.9530	-2067.9900	3765.6731
-587.4350	-2064.3250	3765.7429
-588.0890	-2062.6130	3765.6311
-587.6210	-2060.9839	3765.7380
-587.9660	-2060.1670	3765.6721
-586.2750	-2058.2620	3765.5911
-633.3770	-2057.3640	3765.2839
-632.0900	-2056.8311	3765.2871
-633.5670	-2056.5381	3765.2939
-618.7330	-2056.5129	3765.3669
-617.9080	-2055.7959	3765.4170
-597.2220	-2057.7380	3765.2649
-607.0980	-2057.4021	3765.2571
-600.6710	-2057.3989	3765.2690
-596.2020	-2057.2720	3765.4099
-610.4380	-2057.0991	3765.2471
-596.0630	-2056.6860	3765.2671
-594.4010	-2056.7209	3765.3240
-610.6890	-2056.6069	3765.3420
-591.5940	-2056.5420	3765.3721
-602.9210	-2056.2991	3765.2891
-598.8310	-2056.3230	3765.2571
-606.9990	-2056.0820	3765.2520
-602.2360	-2056.0769	3765.3201
-595.1680	-2056.1069	3765.3240
-608.6600	-2056.0110	3765.2080
-600.2970	-2056.0310	3765.2781
-594.0760	-2055.9319	3765.3511
-598.0890	-2055.7490	3765.2981
-589.9560	-2055.5901	3765.3940
-603.7450	-2055.3101	3765.2529
-612.0700	-2055.2170	3765.4619
-594.1650	-2055.1899	3765.3320
-592.7060	-2055.0071	3765.3660
-601.6120	-2054.7690	3765.2910
-589.9050	-2054.6150	3765.4080
-609.9060	-2054.1260	3765.3811
-595.7970	-2054.0359	3765.3589
-595.3780	-2053.9419	3765.4199
-609.1880	-2053.8579	3765.2649
-594.2060	-2053.5471	3765.4070
-601.6280	-2053.3940	3765.2900
-602.0430	-2053.2280	3765.3240
-597.9230	-2052.6770	3765.2820
-589.5360	-2052.5220	3765.3010
-605.7410	-2052.1699	3765.2849
-595.3090	-2051.8899	3765.2991
-592.6310	-2051.7290	3765.4031
-604.8380	-2051.1880	3765.2400
-598.6300	-2051.0901	3765.2759
-597.5860	-2050.9900	3765.3921
-600.3140	-2050.6011	3765.2390
-602.5280	-2050.2539	3765.2490
-594.3500	-2050.0129	3765.3730
-606.7570	-2049.6360	3765.3201
-592.7200	-2049.6990	3765.4060
-605.5120	-2049.5920	3765.2500
-599.2230	-2049.5540	3765.3850
-595.8200	-2049.0029	3765.3049
-592.8580	-2048.7681	3765.3860
-605.1360	-2048.3049	3765.3831
-603.1540	-2048.2300	3765.2810
-603.4850	-2048.2119	3765.2891
-600.4620	-2047.6200	3765.3960
-596.1490	-2047.4840	3765.2561
-591.5080	-2047.4570	3765.2671
-595.0760	-2047.1550	3765.2881
-600.6890	-2047.0270	3765.3779
-601.8150	-2046.9030	3765.4390
-596.0550	-2046.9110	3765.3359
-591.6420	-2046.5400	3765.3069
-604.0050	-2046.3470	3765.4041
-603.0200	-2046.1790	3765.2891
-598.7060	-2046.0190	3765.3679
-595.1950	-2045.7469	3765.3030
-602.1190	-2045.4470	3765.2800
-593.6990	-2045.3950	3765.3379
-597.4670	-2045.2650	3765.3210
-595.4850	-2045.0680	3765.4399
-594.4570	-2044.7800	3765.2520
-593.1440	-2044.6180	3765.2710
-592.7780	-2043.6930	3765.2771
-597.2450	-2043.1370	3765.4370
-593.4130	-2043.1060	3765.3799
-596.2850	-2043.0680	3765.2300
-598.9050	-2042.0420	3765.3101
-598.1340	-2042.0450	3765.3440
-596.2150	-2041.7650	3765.4199
-596.7020	-2040.8230	3765.2949
-599.7630	-2040.4290	3765.3689
-601.7880	-2040.3610	3765.3450
-595.9830	-2039.9210	3765.2739
-595.7780	-2039.3130	3765.3721
-601.1840	-2039.1801	3765.2749
-598.1110	-2038.6840	3765.3411
-598.8680	-2038.2170	3765.2480
-599.0790	-2037.9189	3765.3560
-595.9980	-2037.4890	3765.4080
-600.2100	-2037.2500	3765.3630
-596.7390	-2037.0200	3765.3250
-600.6080	-2036.6810	3765.3301
-603.1550	-2036.5320	3765.4590
-597.3640	-2036.3110	3765.3931
-596.5000	-2035.2810	3765.3250
-602.0940	-2035.0959	3765.3101
-603.1580	-2034.9370	3765.3650
-601.0150	-2033.9659	3765.2739
-605.2460	-2033.7200	3765.3140
-603.6420	-2033.6281	3765.2791
-599.3210	-2032.1820	3765.3191
-605.3800	-2032.0811	3765.4131
-601.8830	-2031.8770	3765.2141
-605.0130	-2031.4550	3765.2019
-603.1900	-2031.3040	3765.3101
-598.1100	-2031.2150	3765.3000
-592.9840	-2057.5310	3765.7200
-612.6940	-2057.2361	3765.6250
-593.3790	-2056.5540	3765.5481
-594.9300	-2055.5591	3765.6299
-589.3650	-2055.3989	3765.6870
-614.4520	-2054.7981	3765.5601
-593.5070	-2054.7639	3765.6169
-592.9130	-2054.5139	3765.5850
-611.0640	-2054.3921	3765.6140
-611.1510	-2053.6841	3765.6279
-609.9520	-2053.4810	3765.6731
-611.6740	-2053.1809	3765.5691
-593.8810	-2053.2219	3765.6819
-591.5170	-2052.5811	3765.6890
-609.7750	-2051.7549	3765.6670
-611.3660	-2050.8630	3765.6299
-595.7750	-2050.8159	3765.6890
-592.0430	-2050.8411	3765.6089
-596.6690	-2050.1831	3765.6831
-595.3300	-2050.0691	3765.5520
-596.1970	-2049.6709	3765.5991
-593.6430	-2049.6260	3765.6331
-594.8070	-2049.2439	3765.5500
-597.3720	-2048.9839	3765.7290
-598.8750	-2047.8390	3765.6179
-592.6880	-2047.0341	3765.6460
-599.5740	-2046.7321	3765.5491
-595.9090	-2046.5160	3765.5510
-603.1750	-2045.7070	3765.6521
-603.3180	-2045.0330	3765.5620
-605.4030	-2044.9810	3765.6021
-601.8220	-2044.9230	3765.6370
-595.5460	-2044.3199	3765.5249
-596.5560	-2043.9611	3765.7510
-605.6580	-2043.2321	3765.5630
-599.7540	-2043.0330	3765.6650
-595.7870	-2042.4790	3765.5129
-601.6670	-2042.2670	3765.5811
-594.2350	-2041.2180	3765.4810
-598.7380	-2041.0920	3765.4741
-606.3890	-2040.9260	3765.6169
-602.6870	-2040.5280	3765.4951
-604.7960	-2040.3669	3765.7390
-594.9840	-2040.2140	3765.4839
-601.4090	-2040.1050	3765.6201
-604.7990	-2038.9020	3765.5281
-602.4280	-2037.7490	3765.6621
-597.3940	-2037.2440	3765.6531
-601.3550	-2037.1810	3765.7109
-598.5190	-2037.0920	3765.5959
-597.9390	-2036.5150	3765.5891
-598.6260	-2035.7080	3765.5791
-599.0650	-2034.9930	3765.6030
-604.3600	-2033.8970	3765.5020
-598.4930	-2033.9530	3765.5801
-601.3260	-2033.6250	3765.5659
-599.1380	-2033.1429	3765.5500
-598.8790	-2031.1260	3765.5459
-600.7480	-2031.0470	3765.5750
-599.6300	-2030.8101	3765.6389
-584.6710	-2057.4771	3765.4309
-583.3160	-2057.0139	3765.2891
-582.1910	-2056.7859	3765.2219
-582.7710	-2056.3010	3765.2920
-582.4390	-2055.0659	3765.3120
-584.8830	-2054.6770	3765.3259
-583.1900	-2054.6130	3765.2959
-584.1390	-2054.2419	3765.2759
-586.4820	-2054.1660	3765.3049
-582.0160	-2053.3850	3765.2671
-585.5430	-2053.3479	3765.2949
-585.8920	-2052.7771	3765.2209
-583.5790	-2052.3430	3765.3369
-584.1830	-2052.2109	3765.2280
-586.6100	-2051.8169	3765.2161
-583.5500	-2051.7471	3765.2839
-588.0160	-2057.1819	3765.4890
-584.6850	-2056.7959	3765.4771
-587.3360	-2054.6011	3765.5061
-588.2090	-2053.5200	3765.4709
-603.5000	-2024.2950	3765.1150
-597.4920	-2023.8810	3765.1089
-602.5160	-2022.3719	3765.1179
-605.4480	-2022.0940	3765.0991
-602.2110	-2020.6790	3765.1250
-600.7330	-2020.1990	3765.1650
-598.0010	-2018.6000	3765.1499
-608.8240	-2017.7620	3765.1040
-606.8430	-2017.7930	3765.0859
-600.4110	-2017.6700	3765.1450
-603.4590	-2017.5649	3765.1599
-598.5900	-2017.2800	3765.0410
-608.3640	-2017.1140	3765.1279
-597.7940	-2016.9750	3765.0779
-606.8290	-2016.5959	3765.0750
-597.6590	-2016.3550	3765.1179
-597.8860	-2015.2910	3765.0869
-599.6550	-2014.8840	3765.1001
-601.7170	-2014.6760	3765.1321
-597.5010	-2014.6820	3765.0901
-608.2980	-2014.2660	3765.0750
-609.6040	-2014.2220	3765.0969
-600.6850	-2014.1230	3765.1040
-599.9610	-2013.7600	3765.0681
-608.3350	-2013.5560	3765.0620
-612.0280	-2013.1500	3765.0640
-603.3610	-2013.1740	3765.1311
-599.5140	-2013.0970	3765.0500
-598.8220	-2013.1420	3765.1389
-600.1200	-2013.0300	3765.0540
-597.9420	-2012.9280	3765.0601
-606.1020	-2012.4780	3765.0510
-610.2330	-2012.2729	3765.0891
-607.0500	-2011.7090	3765.0239
-599.4570	-2011.5260	3765.0710
-598.3060	-2011.3330	3765.1150
-601.5430	-2011.2209	3765.0769
-612.0380	-2011.0620	3765.0649
-601.2730	-2010.9139	3765.0801
-599.2670	-2010.8800	3765.1221
-605.4910	-2010.5551	3765.0481
-603.0420	-2010.5580	3765.0891
-599.8430	-2010.5260	3765.0850
-608.6200	-2009.9470	3765.0879
-599.5090	-2009.9449	3765.1311
-603.6870	-2009.3580	3765.1079
-611.4380	-2009.2330	3765.0339
-607.6370	-2009.2620	3765.0430
-602.6040	-2009.3180	3765.0730
-603.8290	-2008.9260	3765.1641
-606.4070	-2008.6121	3765.0430
-605.6680	-2008.4969	3765.0801
-602.5990	-2008.5570	3765.0310
-604.8050	-2008.4360	3765.0659
-603.6770	-2008.2729	3765.0569
-607.5280	-2007.9709	3765.0349
-605.9420	-2008.0420	3765.1221
-606.3350	-2007.3070	3765.0710
-601.4930	-2029.7419	3765.2959
-597.2590	-2029.7830	3765.3501
-606.0600	-2029.4320	3765.4060
-604.0570	-2029.1460	3765.3020
-597.3310	-2028.7209	3765.2451
-598.2650	-2028.5240	3765.4670
-605.9310	-2028.4550	3765.3850
-606.5350	-2027.3390	3765.2339
-601.4200	-2027.4020	3765.3020
-597.7490	-2027.0610	3765.2109
-599.0420	-2026.9360	3765.2461
-598.1280	-2025.2980	3765.3440
-604.1590	-2024.7190	3765.2219
-600.4480	-2024.6790	3765.2000
-605.3020	-2024.6121	3765.1750
-602.5210	-2023.9969	3765.3779
-601.3800	-2024.0081	3765.2981
-599.4160	-2023.2710	3765.4641
-600.7280	-2022.9530	3765.3560
-601.2360	-2022.6050	3765.1980
-602.0710	-2021.9230	3765.4629
-602.8410	-2021.5811	3765.1899
-603.8860	-2021.0820	3765.4080
-600.8800	-2020.9530	3765.2820
-608.3090	-2019.9940	3765.2971
-602.4580	-2019.6730	3765.2759
-600.7690	-2018.7760	3765.2920
-600.9120	-2016.9410	3765.2480
-610.6180	-2016.5380	3765.3040
-599.7450	-2012.4250	3765.2329
-603.7930	-2010.5010	3765.1941
-601.9930	-2029.0730	3765.5549
-605.3240	-2029.0090	3765.5330
-600.4210	-2025.8810	3765.5229
-601.4130	-2025.4240	3765.4741
-602.5050	-2024.7860	3765.5779
-599.4230	-2023.6930	3765.5349
-601.9100	-2022.9280	3765.5100
-601.4720	-2021.6040	3765.5010
-612.1150	-2014.6040	3765.5300
-608.2120	-2095.8220	3765.7839
-608.0910	-2095.3091	3765.9580
-607.4650	-2095.3010	3766.1011
-607.5920	-2094.5071	3766.2639
-606.2470	-2091.9529	3766.1431
-605.9010	-2089.6990	3766.1890
-578.4370	-2092.7061	3765.8740
-580.0760	-2091.1450	3765.8989
-603.5130	-2082.0969	3765.9150
-602.0480	-2079.9761	3765.9670
-602.7220	-2079.6140	3765.8220
-600.7170	-2077.8750	3766.0540
-591.6860	-2076.3091	3766.0349
-595.5320	-2075.6069	3765.9490
-595.9750	-2075.1189	3765.8889
-603.4390	-2074.7690	3765.8521
-596.9250	-2074.3420	3765.9900
-594.0880	-2073.1079	3766.0349
-590.2710	-2072.9180	3765.9641
-595.6460	-2072.5859	3765.8540
-598.5120	-2072.1179	3765.9900
-593.0700	-2071.8931	3765.8401
-592.1240	-2071.1370	3765.9761
-592.6940	-2070.9390	3765.8789
-607.9470	-2070.6641	3765.8330
-593.5400	-2070.5669	3765.8269
-589.6170	-2069.8860	3765.8459
-592.1860	-2069.8101	3765.8320
-604.2460	-2069.4761	3765.8931
-594.4630	-2069.1060	3765.9409
-593.9780	-2069.1741	3765.8411
-610.6180	-2068.9851	3765.8970
-607.5700	-2068.9570	3765.9810
-588.9250	-2068.9570	3765.9629
-590.3380	-2068.7981	3765.9109
-605.3050	-2068.3181	3765.8940
-588.3440	-2067.0129	3765.9060
-592.0980	-2066.3679	3765.9460
-609.4020	-2065.0190	3765.9741
-611.3320	-2064.4570	3765.9451
-610.1160	-2064.2720	3766.0061
-589.3960	-2063.7000	3765.8340
-590.4520	-2063.5239	3765.8979
-610.1820	-2063.4189	3766.0210
-608.6140	-2063.0249	3765.9360
-609.3270	-2062.7480	3765.8940
-591.5520	-2062.3110	3765.9241
-593.1410	-2062.2209	3766.0471
-591.1370	-2061.5110	3766.0371
-591.1460	-2061.0391	3766.0220
-590.5070	-2060.8250	3766.0300
-608.9680	-2060.4961	3765.8811
-590.6740	-2059.4280	3766.0039
-610.5650	-2059.2029	3766.0181
-609.5830	-2059.2209	3765.9480
-590.0390	-2058.9761	3765.9041
-597.2700	-2058.9189	3766.0281
-591.4230	-2058.8181	3765.9441
-592.2800	-2058.5540	3765.8169
-590.4420	-2058.5420	3765.8979
-601.4990	-2077.7561	3766.1699
-595.2660	-2075.8689	3766.1270
-593.8600	-2075.7930	3766.0710
-602.6880	-2074.9390	3766.0730
-595.7450	-2074.5471	3766.3049
-600.9990	-2074.3779	3766.3401
-597.7680	-2073.8779	3766.2070
-598.4980	-2072.8301	3766.1499
-594.7500	-2072.3621	3766.3020
-603.0110	-2072.0410	3766.2019
-594.5400	-2072.0229	3766.2419
-590.5350	-2071.7000	3766.0920
-590.7820	-2071.1890	3766.3201
-604.2360	-2070.4109	3766.2571
-593.3170	-2069.9431	3766.1470
-592.8810	-2068.8350	3766.1270
-591.8340	-2068.8730	3766.2500
-606.0690	-2068.7319	3766.2119
-595.7180	-2068.3059	3766.3250
-591.4180	-2068.0559	3766.1421
-608.2680	-2067.8630	3766.1160
-590.7390	-2067.7661	3766.1040
-594.0360	-2067.6411	3766.1790
-600.5650	-2067.4399	3766.2109
-596.5180	-2067.3999	3766.1069
-600.5950	-2066.4961	3766.2930
-590.2830	-2066.3979	3766.2520
-592.9570	-2065.6311	3766.2649
-595.9570	-2065.5149	3766.2900
-591.6890	-2065.5120	3766.1489
-597.5270	-2065.0930	3766.2070
-590.0340	-2064.4390	3766.3501
-592.0200	-2064.1460	3766.2529
-591.1620	-2064.1111	3766.0891
-606.2910	-2063.3660	3766.1399
-595.4990	-2063.0691	3766.1831
-605.7630	-2062.9641	3766.1060
-611.6720	-2061.4890	3766.2681
-599.0980	-2061.2900	3766.2009
-598.0220	-2061.0049	3766.1060
-595.7600	-2060.8491	3766.2119
-593.2580	-2060.1431	3766.3501
-589.7230	-2060.0920	3766.1770
-606.5400	-2059.8540	3766.0991
-592.0990	-2059.7251	3766.2690
-589.6750	-2059.2090	3766.1221
-593.4710	-2058.8970	3766.2920
-597.3000	-2073.4670	3766.5620
-603.9370	-2072.1931	3766.4580
-599.1640	-2071.9600	3766.4780
-600.2010	-2071.3799	3766.5681
-595.8840	-2070.9160	3766.5581
-592.5760	-2070.4419	3766.5229
-595.2500	-2070.0471	3766.5449
-608.5340	-2067.3191	3766.4250
-594.9180	-2066.8889	3766.6140
-592.9120	-2066.2290	3766.4031
-594.5230	-2066.0320	3766.5039
-589.7610	-2065.7229	3766.3999
-590.0640	-2065.1230	3766.4189
-599.6050	-2064.8330	3766.3770
-603.3970	-2064.2549	3766.3701
-592.9760	-2063.6650	3766.6060
-591.5820	-2063.6890	3766.6411
-593.7930	-2062.2910	3766.6421
-605.2150	-2061.8550	3766.5950
-604.6760	-2058.7539	3766.4360
-599.3180	-2058.2319	3766.5271
-594.2690	-2067.0610	3766.8379
-592.6830	-2064.9490	3766.7871
-592.9710	-2064.2029	3766.9041
-593.1670	-2059.5669	3766.8301
-593.9100	-2058.1660	3766.8711
-586.7370	-2079.2949	3765.8330
-585.6940	-2078.2820	3765.8430
-588.2570	-2069.8279	3765.8711
-587.5700	-2063.0969	3765.9470
-598.3270	-2057.6560	3765.8420
-595.6340	-2057.6101	3766.0120
-591.3040	-2057.1721	3765.9551
-590.9200	-2057.1990	3765.7830
-608.0890	-2056.3770	3765.9131
-599.4570	-2056.2661	3765.9919
-593.3000	-2056.0420	3765.8401
-592.1200	-2055.8750	3766.0000
-607.7850	-2055.7510	3765.9231
-609.4450	-2055.6951	3765.8601
-611.1270	-2055.4509	3765.9729
-596.4410	-2054.7390	3765.9951
-605.0290	-2054.2300	3766.0171
-593.9370	-2054.0859	3765.8040
-591.0760	-2053.9609	3765.9131
-593.3910	-2053.8469	3766.0649
-595.6740	-2053.5510	3766.0300
-608.8810	-2053.3630	3766.0491
-598.8880	-2053.4451	3765.9990
-606.3880	-2053.3230	3765.8640
-591.9450	-2053.0129	3765.9241
-609.0690	-2052.7810	3765.9070
-592.8040	-2052.7891	3765.8379
-596.1380	-2052.6819	3766.0071
-595.1390	-2052.5930	3766.0271
-608.9360	-2052.2480	3765.8191
-594.6870	-2052.2129	3765.9209
-606.7220	-2052.1150	3765.9360
-601.8140	-2051.7849	3766.0061
-593.6090	-2051.7759	3765.9641
-596.7220	-2051.4380	3765.9761
-608.5270	-2051.3621	3765.8560
-607.2260	-2050.8669	3766.0229
-591.6110	-2050.8411	3765.8589
-605.1250	-2050.5081	3765.9761
-606.3330	-2050.0510	3765.9700
-597.5790	-2049.8799	3765.8511
-604.8060	-2048.8679	3766.0171
-598.2180	-2048.5530	3765.9490
-594.0070	-2048.4600	3765.7971
-599.7340	-2048.3779	3765.9990
-595.5300	-2048.4270	3765.9131
-600.0000	-2047.1500	3765.9131
-607.5250	-2046.2430	3765.9441
-596.1250	-2046.0640	3766.0029
-596.6230	-2045.6870	3765.8030
-600.2580	-2044.2679	3766.0691
-602.9610	-2042.8800	3765.8311
-603.8450	-2042.5040	3765.7881
-598.5940	-2042.5070	3765.7971
-596.5550	-2042.1400	3765.9590
-601.4670	-2040.9650	3765.9241
-605.7470	-2040.5260	3765.9580
-606.3840	-2039.9659	3765.9099
-606.4880	-2039.4050	3765.9241
-599.8750	-2036.3270	3765.8611
-606.0320	-2034.0920	3765.8201
-600.4180	-2033.5280	3765.8850
-598.4000	-2057.0210	3766.1699
-590.4600	-2056.3970	3766.2461
-592.9810	-2055.7981	3766.1111
-599.0890	-2055.5210	3766.1851
-602.0840	-2054.9741	3766.2739
-610.7930	-2053.9460	3766.1909
-596.7670	-2053.7910	3766.2620
-600.6310	-2053.7190	3766.1421
-597.3750	-2053.5330	3766.1250
-602.2730	-2053.4629	3766.1819
-592.3760	-2053.3879	3766.3181
-592.9040	-2053.1580	3766.3130
-604.1880	-2052.6699	3766.0991
-594.5010	-2052.6931	3766.3601
-597.2460	-2052.4209	3766.2119
-599.9650	-2052.0840	3766.1230
-593.2740	-2052.0750	3766.1040
-600.7490	-2051.4790	3766.1399
-595.0690	-2051.2859	3766.1331
-597.6540	-2051.0559	3766.2361
-608.3460	-2050.7180	3766.2141
-598.9250	-2049.0100	3766.1250
-599.1330	-2048.4209	3766.1709
-596.7730	-2048.4250	3766.1890
-595.0450	-2047.8250	3766.0911
-597.3630	-2047.6570	3766.1370
-605.3540	-2047.3080	3766.1250
-598.6480	-2047.1360	3766.2361
-599.2790	-2044.9000	3766.0891
-598.7280	-2044.8840	3766.3369
-599.7190	-2043.2260	3766.1809
-604.0520	-2041.6570	3766.1750
-593.6590	-2057.5120	3766.5991
-594.6440	-2057.3320	3766.6250
-595.2960	-2054.2500	3766.3711
-595.1540	-2052.2510	3766.4670
-595.0200	-2050.6660	3766.5039
-601.9590	-2048.0681	3766.6201
-602.6380	-2047.9871	3766.3921
-597.7770	-2047.4189	3766.4651
-602.6990	-2047.1060	3766.5430
-599.7740	-2046.3890	3766.4741
-602.1610	-2045.9180	3766.4851
-594.5570	-2056.5901	3766.8701
-594.5420	-2055.4060	3766.7161
-595.9080	-2052.4541	3766.8779
-596.6370	-2050.7151	3766.9180
-598.0580	-2050.5559	3766.7119
-592.6140	-2064.4590	3767.0161
