Position X	Position Y	Position Z
-569.3820	-2106.3540	3765.5020
-627.6880	-2062.3989	3765.2209
-590.8520	-2075.9009	3765.3469
-604.2870	-2074.4661	3765.3940
-593.5160	-2073.9170	3765.3311
-600.4890	-2073.6121	3765.2529
-599.2960	-2073.7061	3765.3169
-598.5270	-2073.1101	3765.3250
-603.4660	-2072.0569	3765.4441
-598.9900	-2071.5779	3765.4551
-601.3760	-2071.5110	3765.4270
-595.4790	-2071.4690	3765.2900
-607.7540	-2071.2820	3765.3999
-591.7920	-2071.2849	3765.3101
-592.6130	-2070.9829	3765.3081
-596.8410	-2070.0769	3765.2339
-605.9480	-2069.6841	3765.3889
-595.0550	-2069.5540	3765.2830
-592.5280	-2069.1250	3765.2700
-593.5490	-2068.7190	3765.3770
-611.2180	-2068.1450	3765.2959
-598.4940	-2068.2100	3765.2700
-595.1690	-2068.2100	3765.3140
-601.4330	-2067.6499	3765.2720
-598.8850	-2067.6499	3765.3369
-594.6720	-2067.5371	3765.3589
-593.2220	-2067.5000	3765.3430
-610.8240	-2066.6130	3765.2830
-599.9310	-2066.5610	3765.3550
-594.2390	-2066.4331	3765.4160
-603.1650	-2066.1340	3765.2290
-609.9220	-2065.9490	3765.2429
-606.6680	-2065.7771	3765.2971
-598.2930	-2065.5210	3765.3081
-593.0300	-2065.3579	3765.3101
-588.6390	-2064.9561	3765.3359
-610.4040	-2064.4031	3765.2781
-600.3840	-2064.4041	3765.2681
-594.2820	-2064.2161	3765.2661
-593.5210	-2064.0090	3765.4319
-598.9660	-2063.7190	3765.2949
-603.6680	-2063.5859	3765.2439
-593.2490	-2063.2170	3765.3491
-601.4180	-2063.0420	3765.3220
-599.1830	-2062.8359	3765.2520
-603.9540	-2062.5139	3765.2671
-597.6510	-2062.4529	3765.2639
-595.4800	-2062.3960	3765.4121
-593.7140	-2062.1299	3765.2759
-607.1110	-2062.0100	3765.1880
-591.8120	-2061.6460	3765.3210
-599.7690	-2061.4651	3765.2261
-588.3930	-2061.3850	3765.2639
-611.2130	-2061.1440	3765.2729
-598.3530	-2061.1221	3765.2700
-600.4800	-2060.8870	3765.2900
-592.5950	-2060.7451	3765.2759
-610.4630	-2060.4910	3765.1990
-593.9500	-2060.4160	3765.2610
-612.4710	-2060.3149	3765.3059
-611.7480	-2060.2520	3765.4629
-605.3170	-2060.1760	3765.2390
-590.3150	-2059.8540	3765.2800
-611.6810	-2059.7510	3765.3391
-598.5890	-2059.6809	3765.2209
-600.2590	-2059.4590	3765.2439
-607.0420	-2059.1541	3765.2361
-596.2110	-2058.5649	3765.2161
-594.0550	-2058.5720	3765.2930
-593.3350	-2058.0349	3765.2480
-589.3000	-2077.3091	3765.6890
-601.8670	-2075.5911	3765.5391
-603.5070	-2075.3821	3765.6809
-596.6330	-2074.6499	3765.7000
-592.3630	-2074.4810	3765.5330
-590.7870	-2074.5420	3765.6909
-589.1120	-2073.5430	3765.4839
-597.6970	-2073.0439	3765.5100
-593.8550	-2072.7690	3765.5811
-603.1790	-2072.7090	3765.6589
-606.6470	-2072.5610	3765.7610
-603.5120	-2070.7610	3765.6890
-606.5280	-2070.5120	3765.5090
-592.0390	-2070.5549	3765.5979
-605.8650	-2070.4299	3765.7080
-591.2750	-2069.5081	3765.5281
-594.3550	-2069.3330	3765.7161
-593.3840	-2067.7500	3765.7410
-610.0130	-2067.5911	3765.7161
-591.1750	-2067.0090	3765.5381
-593.3930	-2066.3569	3765.6890
-590.3220	-2066.0610	3765.6179
-594.9370	-2065.9480	3765.7690
-589.5490	-2064.8440	3765.5100
-591.5140	-2064.7820	3765.4871
-602.9370	-2060.6531	3765.5020
-588.7120	-2059.8369	3765.7251
-592.7110	-2059.6489	3765.6641
-588.8250	-2058.8049	3765.5400
-589.2540	-2058.5710	3765.6030
-588.0960	-2071.7090	3765.2949
-584.0820	-2069.9719	3765.3120
-586.0270	-2067.8721	3765.4500
-583.4850	-2082.0359	3765.5500
-587.1630	-2066.6960	3765.6770
-586.4800	-2062.3220	3765.6541
-598.8940	-2035.7600	3765.1211
-595.3520	-2057.4150	3765.2891
-591.6320	-2057.1750	3765.2380
-589.5360	-2056.9619	3765.3191
-602.8660	-2056.6680	3765.3340
-599.4960	-2056.6411	3765.2229
-595.1720	-2056.5481	3765.2329
-610.9470	-2056.1699	3765.2490
-590.9350	-2056.1130	3765.2209
-600.4640	-2055.7881	3765.2520
-607.2600	-2055.5439	3765.2681
-600.9770	-2055.5291	3765.2881
-609.8450	-2055.2610	3765.2209
-611.5070	-2055.0730	3765.3999
-598.5700	-2054.4971	3765.2241
-596.1110	-2054.4641	3765.3611
-609.5950	-2053.9160	3765.4180
-611.5420	-2053.8821	3765.2749
-599.1900	-2053.8701	3765.3770
-595.3120	-2053.4470	3765.3359
-609.2090	-2053.2620	3765.2871
-602.5810	-2053.2810	3765.2361
-591.4550	-2053.0229	3765.2681
-608.2360	-2052.5869	3765.2629
-593.1710	-2052.5659	3765.3469
-594.1710	-2051.2930	3765.2800
-593.1260	-2051.2600	3765.3420
-595.8690	-2051.0510	3765.2219
-607.8980	-2050.8420	3765.3660
-607.2990	-2050.2649	3765.3049
-593.8860	-2049.1541	3765.2920
-599.9570	-2049.0281	3765.2759
-592.3820	-2049.0420	3765.3379
-596.9320	-2048.7830	3765.2070
-597.2840	-2047.3990	3765.2939
-598.6310	-2046.6500	3765.3711
-602.2990	-2046.4871	3765.2119
-597.1880	-2044.5081	3765.3330
-603.0940	-2044.4230	3765.3779
-604.1490	-2043.6390	3765.3701
-600.9440	-2040.3190	3765.3311
-599.9980	-2040.3250	3765.2151
-598.9460	-2037.8010	3765.3860
-596.6010	-2035.8140	3765.2900
-597.3770	-2035.3080	3765.2271
-611.4980	-2057.2930	3765.6899
-593.0150	-2056.9141	3765.5801
-612.5760	-2056.7991	3765.6079
-592.2610	-2055.9021	3765.5830
-590.5320	-2055.0510	3765.6550
-593.6270	-2054.4919	3765.6379
-594.8980	-2053.4050	3765.6890
-596.1490	-2052.3181	3765.6521
-595.8090	-2050.6079	3765.6499
-591.3550	-2049.1040	3765.5559
-593.4660	-2048.3899	3765.6179
-592.0960	-2048.3560	3765.6709
-596.3250	-2048.0791	3765.5801
-603.5610	-2045.9880	3765.5620
-597.9100	-2045.5970	3765.7629
-594.6000	-2045.2870	3765.5229
-596.5470	-2040.4270	3765.5339
-602.4780	-2037.8831	3765.5520
-586.3480	-2054.7019	3765.3140
-598.3340	-2028.8630	3765.1331
-603.7310	-2023.6281	3765.1631
-607.1750	-2020.9700	3765.1140
-605.0040	-2020.7240	3765.1160
-607.4010	-2019.3420	3765.1670
-599.6240	-2018.0900	3765.0100
-608.2330	-2016.4550	3765.0720
-602.3910	-2016.0830	3765.0229
-603.1200	-2013.9880	3765.0200
-604.5150	-2012.6160	3765.0420
-605.1290	-2008.6689	3765.0100
-602.8210	-2008.1250	3764.9541
-603.3900	-2007.4590	3764.9851
-604.9580	-2029.4320	3765.2610
-599.6640	-2026.5780	3765.3760
-604.8560	-2022.4540	3765.2229
-606.7710	-2020.0830	3765.3560
-603.3930	-2019.5110	3765.2891
-600.4080	-2017.7780	3765.2029
-601.5500	-2026.9050	3765.4851
-607.0460	-2094.1299	3766.0391
-606.4770	-2092.5300	3766.1101
-603.0050	-2082.3469	3765.9700
-602.0370	-2079.7251	3765.8779
-601.0310	-2078.4060	3765.9910
-598.0110	-2076.0220	3765.9641
-603.0230	-2075.5549	3766.0581
-600.8530	-2074.5100	3765.9790
-599.8520	-2072.7971	3765.8940
-596.6220	-2072.5959	3765.9089
-597.0710	-2072.2151	3765.9341
-602.3640	-2071.6289	3765.8821
-597.7390	-2071.6069	3765.8889
-602.9480	-2071.3250	3765.8210
-597.1950	-2070.8259	3765.8379
-602.7210	-2070.1289	3766.0371
-607.8060	-2069.8960	3766.0610
-593.0960	-2068.9590	3765.7949
-606.5890	-2068.8550	3765.9009
-598.1570	-2068.6819	3766.0569
-606.8870	-2068.0371	3766.0400
-597.7250	-2068.1279	3765.9519
-599.6510	-2067.9399	3766.0090
-589.0650	-2066.2991	3765.9661
-605.5020	-2066.0920	3765.7891
-594.5830	-2065.0559	3766.0640
-589.2930	-2063.9241	3765.9829
-604.3420	-2063.4441	3766.0359
-596.6120	-2063.2700	3766.0181
-588.9490	-2062.8120	3765.9131
-607.7480	-2061.7661	3765.8579
-596.8080	-2061.3010	3765.9919
-593.1210	-2061.2300	3765.7949
-593.2560	-2060.6589	3765.8049
-592.0290	-2059.8311	3765.8950
-612.6650	-2059.7539	3765.8459
-597.1090	-2059.7080	3765.9709
-596.4390	-2059.7371	3766.0510
-611.0180	-2059.2371	3766.0569
-590.9020	-2058.2219	3765.8860
-589.3790	-2058.1311	3765.9380
-595.7460	-2058.0239	3766.0640
-601.3850	-2076.2639	3766.2300
-602.1020	-2074.9399	3766.1941
-597.6120	-2074.6819	3766.3020
-601.8860	-2073.9180	3766.2051
-596.1230	-2072.4089	3766.2380
-598.8710	-2071.7939	3766.1499
-597.0460	-2071.8799	3766.2920
-599.9230	-2071.3560	3766.1831
-605.4570	-2071.2971	3766.0859
-596.1970	-2071.0530	3766.3240
-600.3330	-2070.2151	3766.1460
-603.8830	-2069.8550	3766.0891
-605.1230	-2069.5520	3766.3530
-590.1010	-2069.6060	3766.1440
-592.9290	-2068.3979	3766.2419
-590.1190	-2067.5220	3766.2510
-609.7330	-2066.6360	3766.2200
-589.8670	-2066.3989	3766.2400
-589.5340	-2065.4121	3766.1631
-610.9050	-2063.7070	3766.2190
-589.4850	-2062.4819	3766.1499
-589.3280	-2061.8459	3766.2871
-591.3680	-2060.4189	3766.3621
-591.3850	-2059.6201	3766.3679
-591.8530	-2059.3401	3766.1741
-599.5690	-2059.0959	3766.2810
-598.2590	-2058.9319	3766.0791
-611.0010	-2058.6919	3766.1411
-605.6320	-2058.6680	3766.0820
-592.1470	-2058.2080	3766.2219
-601.1190	-2072.2219	3766.5110
-598.0860	-2072.1001	3766.4839
-600.8710	-2071.7690	3766.6489
-593.0290	-2071.4319	3766.4290
-595.5830	-2070.9700	3766.5171
-602.2460	-2070.6880	3766.4121
-596.1970	-2070.4680	3766.5420
-592.1900	-2070.0349	3766.4939
-593.5930	-2069.6609	3766.5381
-593.9530	-2067.8430	3766.5171
-595.3330	-2067.6721	3766.4380
-591.1330	-2065.8779	3766.4619
-592.0130	-2064.6470	3766.4900
-590.5520	-2064.5339	3766.4680
-591.4960	-2063.6899	3766.3750
-590.0520	-2063.1631	3766.4951
-591.8400	-2062.4390	3766.4861
-603.0490	-2062.3040	3766.4951
-603.7720	-2062.0139	3766.4080
-599.2680	-2062.0020	3766.4800
-591.1680	-2061.9451	3766.4441
-592.0790	-2060.8940	3766.6011
-593.2880	-2059.0850	3766.5071
-595.7040	-2070.5061	3766.7920
-592.0230	-2067.6560	3766.7361
-594.2660	-2067.4951	3766.8950
-593.9610	-2066.9460	3766.7200
-593.1240	-2066.8430	3766.8630
-592.4830	-2066.0349	3766.7290
-593.0440	-2063.9250	3766.9170
-592.0800	-2063.4021	3766.8201
-592.7980	-2063.2380	3766.9651
-601.0540	-2061.3049	3766.8530
-600.3790	-2061.2451	3766.7881
-587.5300	-2073.2200	3765.8279
-587.9070	-2064.5549	3765.8940
-604.4600	-2057.4810	3765.8921
-599.9200	-2056.6399	3765.9409
-608.2470	-2056.0869	3765.8040
-610.2310	-2055.6760	3765.7810
-596.4060	-2055.5640	3765.9331
-594.2690	-2055.1489	3765.7871
-605.2800	-2054.0691	3765.9089
-597.2840	-2054.0940	3765.8391
-595.5690	-2053.7610	3765.9331
-591.0900	-2053.7429	3766.0391
-610.3740	-2053.4189	3765.9680
-604.1800	-2052.2371	3765.9170
-605.9190	-2051.9260	3765.8640
-608.4410	-2051.6399	3765.9160
-604.4400	-2050.7319	3765.9570
-599.8030	-2050.3821	3765.9971
-606.1050	-2049.9819	3765.9150
-603.6720	-2049.9810	3765.9890
-594.8310	-2048.2681	3766.0100
-604.1580	-2048.0610	3766.0540
-606.3250	-2047.2090	3765.8191
-603.8960	-2047.1510	3765.8899
-596.4580	-2046.9420	3765.8921
-597.7310	-2046.6801	3765.9609
-599.8160	-2044.9950	3765.8169
-598.3080	-2044.5300	3765.9121
-598.0070	-2044.0330	3765.9700
-599.5720	-2043.0000	3766.0649
-603.2690	-2039.9330	3765.9460
-601.6700	-2039.1410	3765.9651
-603.3260	-2036.7040	3765.8511
-602.3270	-2036.2729	3765.8350
-599.4360	-2057.3040	3766.1570
-611.5200	-2056.4319	3766.0850
-594.2810	-2056.1531	3766.2129
-601.5660	-2055.6790	3766.1050
-603.6730	-2053.8911	3766.1240
-609.5230	-2052.2200	3766.0891
-608.0310	-2051.2290	3766.2371
-595.4060	-2049.3889	3766.3000
-598.3110	-2048.2561	3766.3501
-598.8770	-2048.1421	3766.1589
-601.6350	-2047.7180	3766.1899
-598.0270	-2047.6219	3766.1379
-603.0580	-2047.1290	3766.2329
-599.9220	-2046.6689	3766.1660
-600.8960	-2045.9139	3766.2871
-597.5140	-2045.3440	3766.1001
-599.2050	-2044.6801	3766.1270
-605.6640	-2044.2970	3766.2371
-600.6070	-2039.5480	3766.0891
-600.8870	-2057.5959	3766.5200
-591.9650	-2056.5420	3766.4109
-595.2190	-2052.5620	3766.6201
-596.5850	-2051.5039	3766.5630
-596.7570	-2050.8420	3766.5691
-599.8380	-2048.3911	3766.5359
-603.3120	-2047.8770	3766.3701
-599.9720	-2047.7080	3766.6421
-605.1950	-2047.4680	3766.4050
-604.6530	-2046.7419	3766.4851
-603.5840	-2045.9370	3766.4851
-600.4790	-2057.8430	3766.8169
-601.8760	-2057.5591	3766.7061
-593.2270	-2055.8440	3766.7241
-597.5840	-2050.3401	3766.7190
-593.2990	-2066.2461	3766.9961
-600.8640	-2059.1841	3767.1421
-601.6790	-2060.8740	3767.4250
-602.6790	-2058.5481	3767.4109
-601.7960	-2059.7429	3767.6440
